captured_at_host=2026-07-26T16:28:25+08:00
note=counts are derived from docker logs for 2026-07-26T06:20:00Z..06:50:00Z after stripping ANSI color codes
2026-07-26T06:20 277 74 75 12 0 0 2
2026-07-26T06:21 284 81 78 11 0 0 2
2026-07-26T06:22 288 83 83 13 0 0 1
2026-07-26T06:23 364 105 104 18 0 0 6
2026-07-26T06:24 386 104 103 15 0 2 4
2026-07-26T06:25 323 91 92 13 0 0 1
2026-07-26T06:26 328 87 90 14 0 0 1
2026-07-26T06:27 348 97 94 13 0 0 0
2026-07-26T06:28 269 70 72 13 0 0 0
2026-07-26T06:29 374 110 109 9 0 0 2
2026-07-26T06:30 574 168 167 11 0 0 3
2026-07-26T06:31 373 108 110 11 0 0 2
2026-07-26T06:32 371 99 95 15 1 6 1
2026-07-26T06:33 371 103 102 20 0 0 4
2026-07-26T06:34 372 104 106 11 2 0 1
2026-07-26T06:35 402 114 116 11 0 0 4
2026-07-26T06:36 550 183 180 13 0 0 6
2026-07-26T06:37 720 248 245 14 0 3 7
2026-07-26T06:38 663 226 228 26 0 0 12
2026-07-26T06:39 763 261 257 31 2 6 8
2026-07-26T06:40 647 212 215 30 4 5 10
2026-07-26T06:41 692 226 226 36 3 12 6
2026-07-26T06:42 606 193 194 33 0 2 3
2026-07-26T06:43 481 142 143 23 6 14 5
2026-07-26T06:44 597 186 185 38 3 10 3
2026-07-26T06:45 202 29 35 20 22 16 1
2026-07-26T06:46 7 0 0 0 0 0 0
minute log_lines upstream_send_attempts response_headers_received slow_interaction redis_related pg_related rate_limit_related
